##FastQC	0.10.1
>>Basic Statistics	pass
#Measure	Value	
Filename	s_2_1_sequence.txt.gz	
File type	Conventional base calls	
Encoding	Illumina 1.5	
Total Sequences	29220457	
Filtered Sequences	0	
Sequence length	99	
%GC	49	
>>END_MODULE
>>Per base sequence quality	pass
#Base	Mean	Median	Lower Quartile	Upper Quartile	10th Percentile	90th Percentile
1	32.76432493851824	34.0	31.0	34.0	31.0	34.0
2	32.91994755591947	34.0	31.0	34.0	31.0	34.0
3	32.992479207289605	34.0	33.0	34.0	31.0	34.0
4	36.362412162136955	37.0	37.0	37.0	35.0	37.0
5	36.292562501674766	37.0	37.0	37.0	35.0	37.0
6	36.277326258107465	37.0	37.0	37.0	35.0	37.0
7	36.28610254110673	37.0	37.0	37.0	35.0	37.0
8	36.29278590680495	37.0	37.0	37.0	35.0	37.0
9	38.11853825557896	39.0	39.0	39.0	37.0	39.0
10-14	38.39697673448434	39.4	39.2	39.4	36.2	39.4
15-19	39.56398046751972	41.0	40.0	41.0	37.0	41.0
20-24	39.487951239092524	41.0	39.2	41.0	36.6	41.0
25-29	39.301420343973405	41.0	39.0	41.0	36.0	41.0
30-34	39.05904483287171	41.0	39.0	41.0	35.2	41.0
35-39	38.77797944091019	40.0	38.0	41.0	35.0	41.0
40-44	38.437863151832296	40.0	38.0	41.0	34.2	41.0
45-49	38.076172121469554	40.0	37.4	41.0	33.0	41.0
50-54	37.7849661762648	40.0	36.6	41.0	33.0	41.0
55-59	37.48465953150561	39.4	35.6	41.0	33.0	41.0
60-64	36.83125363165949	38.6	35.0	41.0	32.4	41.0
65-69	35.91298906105404	36.6	35.0	39.6	31.2	41.0
70-74	34.95963443008438	35.4	34.8	38.4	30.6	40.6
75-79	33.58381851454275	34.8	33.4	36.2	29.0	39.0
80-84	33.38336035606836	35.0	34.0	35.8	29.2	37.4
85-89	32.87155793627731	35.0	34.0	35.0	29.0	36.4
90-94	32.337553420194624	35.0	33.4	35.0	27.8	36.0
95-99	31.784760847511727	35.0	33.0	35.0	26.0	35.0
>>END_MODULE
>>Per sequence quality scores	pass
#Quality	Count
2	1290.0
3	218.0
4	619.0
5	1188.0
6	2369.0
7	4354.0
8	7808.0
9	11887.0
10	16594.0
11	21239.0
12	25420.0
13	28769.0
14	31799.0
15	34404.0
16	37075.0
17	40887.0
18	45239.0
19	50260.0
20	55466.0
21	60675.0
22	68071.0
23	78341.0
24	95874.0
25	118007.0
26	148162.0
27	191198.0
28	243088.0
29	292876.0
30	370585.0
31	471422.0
32	609513.0
33	814337.0
34	1181683.0
35	1896090.0
36	3575018.0
37	6795409.0
38	8673259.0
39	3106380.0
40	13584.0
>>END_MODULE
>>Per base sequence content	fail
#Base	G	A	T	C
1	27.564983591715407	12.35875227067477	14.537282129727084	45.53898200788274
2	21.35101152931033	19.750835190024237	35.583488112243785	23.314665168421644
3	26.29904713071588	22.578377305215614	24.869772295183274	26.252803268885227
4	28.00796880512515	29.107753712546636	19.258668957118065	23.625608525210144
5	28.691722192644338	30.640784709124684	21.111749059484353	19.55574403874662
6	22.779907241012694	33.48433599104901	21.671355105774012	22.064401662164286
7	19.65084255869099	17.037183915364498	40.021759413276804	23.290214112667712
8	20.925336657123466	21.561141223766622	28.280977946375035	29.232544172734876
9	21.73748239246226	20.903963116229598	30.65570881205074	26.702845679257397
10-14	24.311877742219277	26.62106005375297	24.755893558721752	24.311168645306008
15-19	24.519261530515887	25.35278931939791	25.460801471165396	24.667147678920802
20-24	24.508602340191686	25.617962703782382	25.549749509528585	24.323685446497347
25-29	24.55643660930238	25.55064900906796	25.4154049761949	24.477509405434756
30-34	24.384290404231017	25.560105281872808	25.500125825976188	24.555478487919984
35-39	24.59035327044992	25.58313632350149	25.443710593184544	24.38279981286405
40-44	24.420634423210444	25.51100987017029	25.52038449616071	24.547971210458552
45-49	24.531682346179586	25.53681007264219	25.506104320387234	24.425403260790986
50-54	24.46588896992535	25.516848925230256	25.477451257047356	24.53981084779704
55-59	24.448201250352565	25.457981615333864	25.6114496623909	24.482367471922675
60-64	24.32556198832683	25.47461476838464	25.70188307773517	24.49794016555336
65-69	24.374123390816653	25.744272322625527	25.506003139605504	24.375601146952313
70-74	24.457954748052973	25.75736152342629	25.42899738199025	24.355686346530486
75-79	24.450078154505768	25.67601469220247	25.48339960324091	24.390507550050852
80-84	24.460111239233466	25.699626088951156	25.530375807479373	24.309886864336004
85-89	24.431398069574662	25.629377196082142	25.49063859952532	24.44858613481788
90-94	24.476264161950038	25.777141600629804	25.38284101024017	24.363753227179988
95-99	24.585707527504972	25.72733713385097	25.388578530826855	24.298376807817203
>>END_MODULE
>>Per base GC content	fail
#Base	%GC
1	73.10396559959814
2	44.665676697731975
3	52.55185039960111
4	51.63357733033529
5	48.24746623139096
6	44.84430890317698
7	42.9410566713587
8	50.157880829858335
9	48.440328071719655
10-14	48.62304638752528
15-19	49.18640920943669
20-24	48.83228778668903
25-29	49.03394601473713
30-34	48.939768892151
35-39	48.97315308331397
40-44	48.968605633669
45-49	48.95708560697057
50-54	49.00569981772239
55-59	48.93056872227524
60-64	48.82350215388019
65-69	48.74972453776897
70-74	48.81364109458346
75-79	48.84058570455662
80-84	48.76999810356947
85-89	48.87998420439254
90-94	48.840017389130026
95-99	48.88408433532218
>>END_MODULE
>>Per sequence GC content	pass
#GC Content	Count
0	796.0
1	468.0
2	106.0
3	74.0
4	82.0
5	87.5
6	94.5
7	100.5
8	129.0
9	175.5
10	209.5
11	256.0
12	336.0
13	448.5
14	620.5
15	962.0
16	1475.5
17	2199.5
18	3484.0
19	5683.0
20	9143.5
21	14753.5
22	22620.5
23	33764.5
24	49313.0
25	70313.5
26	98093.5
27	130495.5
28	168956.0
29	213490.5
30	260955.0
31	309985.0
32	363841.5
33	410936.0
34	456675.0
35	513960.5
36	571330.0
37	637139.5
38	688641.5
39	722447.0
40	767948.0
41	822767.5
42	886021.0
43	945461.0
44	984184.0
45	1009863.5
46	1020032.0
47	1006519.0
48	996570.0
49	1014762.5
50	1030901.0
51	1007956.0
52	978391.5
53	971764.0
54	937317.0
55	873879.0
56	827899.0
57	790601.0
58	744603.5
59	693061.5
60	645463.5
61	591036.5
62	542873.0
63	500994.5
64	455763.5
65	416935.5
66	370528.0
67	326011.0
68	284586.0
69	232868.5
70	177969.5
71	129526.5
72	101506.0
73	96587.5
74	85924.5
75	62664.0
76	42029.5
77	27864.5
78	19318.0
79	12503.5
80	8171.5
81	5244.5
82	3490.0
83	2177.0
84	1305.0
85	868.0
86	563.5
87	339.0
88	220.0
89	150.0
90	108.5
91	60.5
92	22.5
93	12.0
94	10.5
95	8.0
96	3.0
97	2.0
98	0.5
99	0.5
100	1.0
>>END_MODULE
>>Per base N content	pass
#Base	N-Count
1	0.02660807118793522
2	0.013866997357365083
3	0.004941743382042245
4	5.475615935780881E-5
5	1.7111299799315254E-4
6	0.0
7	0.0
8	0.0
9	5.8178419317671864E-5
10-14	6.557050083097605E-4
15-19	0.001407917747487659
20-24	0.0010389981238144222
25-29	0.0038575714267576307
30-34	0.010676082170788772
35-39	0.01825091236594965
40-44	0.011264026431893245
45-49	0.00848309798850853
50-54	0.0032894762734203644
55-59	0.0032662049056932955
60-64	0.002166290554593311
65-69	0.001643369232726237
70-74	3.155323682993733E-4
75-79	1.6426847807342645E-5
80-84	0.0010225712760070795
85-89	6.214824087111301E-4
90-94	0.0012450181733981778
95-99	4.16146811119347E-4
>>END_MODULE
>>Sequence Length Distribution	pass
#Length	Count
99	2.9220457E7
>>END_MODULE
>>Sequence Duplication Levels	fail
#Total Duplicate Percentage	69.25917464537166
#Duplication Level	Relative count
1	100.0
2	45.6470333887335
3	22.207358763360222
4	12.72041833880579
5	8.65593795181537
6	6.303457781020715
7	4.848190036077669
8	3.787479562744065
9	3.191589984731174
10++	62.883240774521326
>>END_MODULE
>>Overrepresented sequences	pass
>>END_MODULE
>>Kmer Content	warn
#Sequence	Count	Obs/Exp Overall	Obs/Exp Max	Max Obs/Exp Position
AAAAA	10066415	3.4183443	5.827983	2
TTTTT	9879990	3.2862983	6.4836144	2
CTGGG	6505700	2.5568523	7.832459	1
CCTGG	6493675	2.5319283	5.486073	1
CCCAG	6298885	2.44665	6.2496495	1
CTCCT	6364835	2.356781	5.3892307	1
CTGGA	5593305	2.1130037	6.8892684	1
TCCAG	5576470	2.0899713	5.2783594	7
CTCCA	5566150	2.069594	5.936495	1
CTTCA	5422275	1.9452908	5.322448	1
CTCAG	5126225	1.9212267	6.980775	1
CTGGC	4664300	1.8186425	5.083479	1
CTTTT	4692790	1.61774	5.0258436	1
CTTGG	4028025	1.5153948	5.4028	1
>>END_MODULE
