##FastQC	0.10.1
>>Basic Statistics	pass
#Measure	Value	
Filename	s_2_2_sequence.txt.gz	
File type	Conventional base calls	
Encoding	Illumina 1.5	
Total Sequences	29220457	
Filtered Sequences	0	
Sequence length	99	
%GC	49	
>>END_MODULE
>>Per base sequence quality	pass
#Base	Mean	Median	Lower Quartile	Upper Quartile	10th Percentile	90th Percentile
1	32.549815699323254	34.0	31.0	34.0	31.0	34.0
2	32.660996301324104	34.0	31.0	34.0	31.0	34.0
3	32.75188522889974	34.0	31.0	34.0	31.0	34.0
4	36.08670685745948	37.0	37.0	37.0	35.0	37.0
5	36.06852747032669	37.0	37.0	37.0	35.0	37.0
6	36.08004032928027	37.0	37.0	37.0	35.0	37.0
7	36.08079158378666	37.0	37.0	37.0	35.0	37.0
8	36.072401742382056	37.0	37.0	37.0	35.0	37.0
9	37.832375380029134	39.0	39.0	39.0	35.0	39.0
10-14	38.076253441210724	39.4	38.4	39.4	35.2	39.4
15-19	39.151847262347744	41.0	39.0	41.0	36.0	41.0
20-24	38.97152961707615	41.0	39.0	41.0	35.6	41.0
25-29	38.70989746669603	40.6	38.6	41.0	34.8	41.0
30-34	38.35262222627114	40.0	38.0	41.0	34.0	41.0
35-39	37.98078970496594	40.0	38.0	41.0	33.0	41.0
40-44	37.966940222735055	40.0	38.0	41.0	33.0	41.0
45-49	37.83965385620081	40.0	37.6	41.0	33.0	41.0
50-54	36.75578271072216	39.2	35.6	40.2	31.6	40.6
55-59	36.9388648849674	39.2	35.4	41.0	31.8	41.0
60-64	36.2348511113293	38.2	35.0	40.8	31.0	41.0
65-69	35.30703727871196	36.6	35.0	39.6	30.2	41.0
70-74	34.481517219255	35.4	34.4	38.4	29.4	40.6
75-79	33.601593972332466	35.0	34.0	36.6	29.0	39.0
80-84	32.841948016076536	35.0	34.0	35.6	27.4	37.4
85-89	32.20216406608562	35.0	33.0	35.0	26.2	36.2
90-94	31.627972649435286	35.0	33.0	35.0	24.6	35.8
95-99	31.02465255762427	35.0	32.8	35.0	22.0	35.0
>>END_MODULE
>>Per sequence quality scores	pass
#Quality	Count
2	57138.0
3	13715.0
4	14464.0
5	17764.0
6	21560.0
7	26120.0
8	30569.0
9	35247.0
10	40055.0
11	43133.0
12	46238.0
13	47780.0
14	48273.0
15	49342.0
16	50995.0
17	54698.0
18	59425.0
19	65283.0
20	72034.0
21	81826.0
22	94217.0
23	109319.0
24	129811.0
25	155089.0
26	177588.0
27	214700.0
28	260189.0
29	317975.0
30	395698.0
31	500068.0
32	645004.0
33	859414.0
34	1243704.0
35	1974023.0
36	3573462.0
37	6657193.0
38	8233389.0
39	2794834.0
40	9121.0
>>END_MODULE
>>Per base sequence content	fail
#Base	G	A	T	C
1	27.197559287628252	12.101503771753585	14.401453215137844	46.299483725480314
2	21.453013900571047	19.63595563614175	35.50324779649331	23.407782666793896
3	26.380931471229413	22.38794207453754	24.640043952870215	26.591082501362827
4	27.944189996148317	28.9119363615601	19.13724053999195	24.00663310229963
5	28.620275348996582	30.554782839782224	21.17045457930274	19.65448723191846
6	22.807763881660144	33.29454941030831	21.667159866358574	22.230526841672972
7	19.709452115581758	16.916886865576476	39.980172256474376	23.393488762367394
8	20.924436780385637	21.504364001111046	28.298644548904896	29.27255466959842
9	21.674074977137778	20.937692190612495	30.65534583777147	26.73288699447826
10-14	24.354682513875517	26.530975858128848	24.788452926302845	24.325888701692794
15-19	24.54653399050903	25.268762754234757	25.50334576284411	24.681357492412104
20-24	24.580689824206264	25.53922123725862	25.568103856845543	24.311985081689574
25-29	24.553905825119088	25.594196560610115	25.4285539510328	24.423343663237997
30-34	24.432914451126027	25.515024499965488	25.55761959243632	24.49444145647216
35-39	24.55379688507751	25.56933685536931	25.46628051100458	24.4105857485486
40-44	24.474638260739674	25.438198221865477	25.564178633859875	24.522984883534974
45-49	24.511706424922938	25.478793852598773	25.533731957194455	24.47576776528383
50-54	24.39814595740441	25.514857712811036	25.588831779908972	24.498164549875586
55-59	24.381435065074477	25.47478367203459	25.679444289995327	24.4643369728956
60-64	24.22841534916661	25.572722472097343	25.73493592424138	24.463926254494663
65-69	24.332095240002996	25.68518274166367	25.61483237023772	24.367889648095613
70-74	24.403739476080062	25.691738496766153	25.54064229727824	24.363879729875546
75-79	24.409330079950493	25.61211619653998	25.589172681317063	24.38938104219246
80-84	24.441560239800495	25.61868556675893	25.63873727231576	24.301016921124813
85-89	24.392133123798818	25.581667760774764	25.57799635968673	24.448202755739693
90-94	24.469253088848692	25.72515691610906	25.474360959672893	24.331229035369358
95-99	24.57728712532274	25.649891013358513	25.494035447893847	24.278786413424896
>>END_MODULE
>>Per base GC content	fail
#Base	%GC
1	73.49704301310857
2	44.86079656736494
3	52.972013972592244
4	51.95082309844795
5	48.27476258091504
6	45.03829072333311
7	43.10294087794915
8	50.19699144998406
9	48.406961971616035
10-14	48.68057121556831
15-19	49.22789148292113
20-24	48.89267490589584
25-29	48.97724948835708
30-34	48.92735590759819
35-39	48.96438263362611
40-44	48.99762314427465
45-49	48.98747419020677
50-54	48.89631050727999
55-59	48.84577203797008
60-64	48.69234160366127
65-69	48.699984888098605
70-74	48.76761920595561
75-79	48.798711122142954
80-84	48.74257716092531
85-89	48.84033587953851
90-94	48.80048212421805
95-99	48.85607353874764
>>END_MODULE
>>Per sequence GC content	pass
#GC Content	Count
0	912.0
1	604.0
2	272.5
3	246.5
4	253.5
5	278.5
6	319.0
7	392.0
8	484.0
9	550.0
10	628.5
11	774.0
12	953.5
13	1136.0
14	1439.5
15	1859.0
16	2462.5
17	3452.5
18	4968.0
19	7168.5
20	10743.0
21	16735.0
22	25094.5
23	36761.0
24	52743.0
25	74076.0
26	102112.5
27	135062.5
28	173749.5
29	218477.5
30	264955.5
31	312713.5
32	365737.0
33	413008.5
34	459080.5
35	514958.0
36	572694.5
37	637630.5
38	687270.0
39	720021.0
40	765439.0
41	822696.0
42	886025.5
43	944185.5
44	982616.5
45	1005893.0
46	1015257.5
47	1002244.0
48	990753.5
49	1006334.0
50	1022197.5
51	1001679.0
52	972424.0
53	962828.0
54	927306.5
55	865693.0
56	820639.5
57	783520.0
58	737930.0
59	687499.0
60	641628.5
61	588976.5
62	541819.5
63	500111.5
64	455278.5
65	418441.0
66	373345.0
67	328272.0
68	287023.0
69	236029.0
70	182668.0
71	135209.0
72	106157.0
73	101551.0
74	90371.0
75	65386.5
76	44142.5
77	29447.5
78	20708.5
79	14128.0
80	9919.0
81	6796.5
82	4745.5
83	3379.5
84	2361.5
85	1760.5
86	1347.0
87	976.5
88	737.0
89	551.0
90	428.0
91	350.5
92	265.5
93	197.0
94	151.0
95	113.0
96	80.0
97	49.0
98	34.0
99	27.0
100	24.0
>>END_MODULE
>>Per base N content	pass
#Base	N-Count
1	0.03299400827303967
2	0.043832305565925954
3	0.0376037924389752
4	0.0692802306274676
5	0.04279878305804731
6	0.022114643860635035
7	0.026878429724764404
8	0.016159911530473324
9	0.010417359317823126
10-14	0.008123760692722911
15-19	0.012294126679812025
20-24	0.00987527334018082
25-29	0.014312575604139252
30-34	0.021537650831402123
35-39	0.02568542990275614
40-44	0.026219986908486752
45-49	0.0346674933934127
50-54	0.05163163601445385
55-59	0.05579652638560718
60-64	0.057198968517159055
65-69	0.02189082805925999
70-74	0.0
75-79	0.0
80-84	0.0
85-89	1.6426847807342645E-5
90-94	0.0026262422931989052
95-99	0.0037514813680018765
>>END_MODULE
>>Sequence Length Distribution	pass
#Length	Count
99	2.9220457E7
>>END_MODULE
>>Sequence Duplication Levels	fail
#Total Duplicate Percentage	68.18986612325347
#Duplication Level	Relative count
1	100.0
2	43.45668640140725
3	20.926263832915446
4	12.326555259461518
5	8.28596558016199
6	5.909920317156097
7	4.753403258201295
8	3.7110938997335152
9	3.0980479672342045
10++	60.07850138493246
>>END_MODULE
>>Overrepresented sequences	pass
>>END_MODULE
>>Kmer Content	warn
#Sequence	Count	Obs/Exp Overall	Obs/Exp Max	Max Obs/Exp Position
AAAAA	11003330	3.7736645	6.0151424	2
TTTTT	10495040	3.4536357	6.5330086	2
CTGGG	6518475	2.5624623	7.998808	1
CCTGG	6492685	2.5279932	5.4488387	1
CCCAG	6305375	2.451838	6.609474	1
CTCCT	6403635	2.3565314	5.690425	1
CTGGA	5528545	2.0910623	6.918748	1
TCCAG	5501240	2.0608988	5.3563375	7
CTCCA	5502590	2.041753	6.3212714	1
CTTCA	5419680	1.937425	5.4322934	1
CTCAG	5105380	1.9125999	7.1522164	1
CTGGC	4665380	1.8165131	5.203501	1
CTTTT	4796325	1.638271	5.0556197	1
CTTGG	4018220	1.5073026	5.40798	1
>>END_MODULE
